550
709
868
934
1141
1365
1460
1613
1797
1956
2086
2193
2352
2582
2752
2911
3014
3173
3380
3586
3745
3828
3987
4146
4264
4423
4582
4742
4907
5084
5243
5402
5561
5720
5879
6038
6197
6356
6515
6674
6833
6992
7151
7310
7469
7628
7787
7946
8105
8264
8423
8582
8741
8900
9059
9218
9377
9536
9696
9855
10014
10173
10332
10491
10650
10809
10968
11127
11333
11488
11647
11806
11965
12124
12283
12442
12601
12760
12919
13078
13237
13396
13555
13714
13873
14032
14191
14350
14509
14669
14828
14987
15146
15305
15464
15623
15782
15941
16100
16259
16418
16577
16736
16895
17054
17213
17372
17531
17690
17849
18008
18167
18326
18485
18644
18803
18962
19121
19280
19440
19599
19758
19917
20076
20235
20394
20553
20712
20871
21030
21189
21348
21507
21666
21825
21984
22143
22302
22461
22620
22779
22938
23097
23256
23415
23574
23733
23892
24051
24211
24370
24529
24688
24847
25006
25165
25324
25483
25642
25801
25960
26119
26278
26437
26596
26755
26914
27073
27232
27391
27550
27709
27868
28027
28186
28345
28504
28663
28822
28982
29141
29300
29459
29618
29777
29936
30095
30254
30413
30572
30731
30890
31049
31208
31367
31526
31685
31844
32003
32162
32321
32480
32639
32798
32957
33116
33275
33434
33593
33753
33912
34071
34230
34389
34548
34707
34866
35025
35184
35343
35502
35661
35820
35979
36138
36297
36456
36615
36774
36933
37092
37251
37410
37569
37728
37887
38046
38205
38364
38524
38683
38842
39001
39160
39319
39478
39637
39796
39955
40114
40273
40432
40591
40750
40909
41068
41227
41386
41545
41704
41863
42022
42181
42340
42499
42658
42817
42976
43135
43326
43489
43648
43807
43966
44125
44284
44443
44602
44761
44920
45079
45238
45397
45556
45715
45874
46033
46192
46351
46510
46669
46828
46987
47146
47305
47464
47623
47782
47941
48101
